Date,Avg_Temp,Avg_Wind_Speed(mph),Precipitation(in)
01/01/2020,3.39,15.9,0.01
02/01/2020,5.61,8.3,0
03/01/2020,8.17,4.9,0.05
04/01/2020,7.83,6.8,0.32
05/01/2020,3.44,20.2,0.01
06/01/2020,3.22,11.9,0.02
07/01/2020,4.17,8.6,0
08/01/2020,1.67,18.5,0
09/01/2020,-1.56,11,0
10/01/2020,6.83,9.6,0
11/01/2020,13,10.5,0
12/01/2020,15.06,15.6,0.06
13/01/2020,5.28,8.5,0
14/01/2020,4.72,6.8,0
15/01/2020,7.39,8.2,0.07
16/01/2020,6.17,18.8,0.1
17/01/2020,-3.17,19.2,0.02
18/01/2020,-2.72,8.1,0
19/01/2020,3.17,16.3,0
20/01/2020,-3.44,17.3,0
21/01/2020,-2.89,9.2,0
22/01/2020,0.28,3.4,0
23/01/2020,4.17,4.3,0
24/01/2020,4.33,7.2,0
25/01/2020,5.72,15.5,0
26/01/2020,5.44,12.8,0.78
27/01/2020,4.72,13.3,0
28/01/2020,3.83,16.2,0
29/01/2020,1.67,12.1,0
30/01/2020,-0.72,8.1,0
31/01/2020,3.11,6.9,0
01/02/2020,3.67,4.8,0.01
02/02/2020,3.39,8.7,0.02
03/02/2020,8,8.2,0.05
04/02/2020,8.78,5.4,0
05/02/2020,4.89,10.5,0.01
06/02/2020,3.28,11.7,0.5
07/02/2020,4.39,17.1,0.19
08/02/2020,1.67,14,0.16
09/02/2020,2.28,10.4,0
10/02/2020,6.72,8.6,0.02
11/02/2020,6.5,8.3,0.54
12/02/2020,5.17,12.4,0.13
13/02/2020,4.06,7.7,0
14/02/2020,-1.06,17.5,0.13
15/02/2020,-4.83,9.8,0
16/02/2020,2.83,6.5,0
17/02/2020,6.5,7.3,0
18/02/2020,4.89,9.5,0
19/02/2020,5.56,14.5,0
20/02/2020,-0.11,13.3,0
21/02/2020,-1.5,10,0
22/02/2020,5,10.3,0
23/02/2020,8.11,8,0
24/02/2020,9.72,7.3,0
25/02/2020,8.56,6.7,0
26/02/2020,7.11,9.1,0.14
27/02/2020,4.78,21.3,0.46
28/02/2020,1.94,18.7,0
29/02/2020,-0.44,16.6,0
01/03/2020,1.94,13.4,0
02/03/2020,9,10.3,0
03/03/2020,11.33,10.1,0.01
04/03/2020,10.28,18.2,0.28
05/03/2020,7.11,12.9,0
06/03/2020,5.33,13,0
07/03/2020,5,14.7,0.14
08/03/2020,8.89,10.2,0
09/03/2020,15.33,11.1,0
10/03/2020,16,13.2,0
11/03/2020,10.06,8.5,0
12/03/2020,7,9,0
13/03/2020,12.78,15.2,0.17
14/03/2020,9.33,14.5,0.12
15/03/2020,8.06,9.4,0
16/03/2020,4.11,13.7,0
17/03/2020,8.83,8.4,0.08
18/03/2020,8.61,9.7,0.07
19/03/2020,7.94,9.9,1
20/03/2020,13.56,9.4,0.02
21/03/2020,8.56,13.2,0
22/03/2020,3.5,13.6,0
23/03/2020,4,14.8,0
24/03/2020,6.72,10.2,1.44
25/03/2020,6,15.2,0
26/03/2020,8.56,8.5,0.01
27/03/2020,14.17,6.5,0
28/03/2020,7.89,11.7,0
29/03/2020,7.5,18.4,0.42
30/03/2020,7.61,7.5,0.01
31/03/2020,6.72,8.8,0.14
01/04/2020,7.5,12,0
02/04/2020,9.56,19.5,0
03/04/2020,9.78,18.9,0
04/04/2020,10.5,9,0.08
05/04/2020,11.56,6.1,0
06/04/2020,13.22,9,0.06
07/04/2020,14.11,9.6,0
08/04/2020,12.06,7.3,0.23
09/04/2020,11.56,14.4,0
10/04/2020,6.78,21.6,0.27
11/04/2020,8.78,14.2,0
12/04/2020,11.89,10.3,0
13/04/2020,14.67,19.3,0.61
14/04/2020,11.39,12.7,1.11
15/04/2020,8.89,12.7,0
16/04/2020,7.56,18.5,0
17/04/2020,6.61,10.9,0
18/04/2020,6.83,11.1,0.18
19/04/2020,11.5,12.4,0.08
20/04/2020,11.5,7.1,0
21/04/2020,10.44,15.7,0
22/04/2020,6.83,18.8,0.33
23/04/2020,7.28,7.6,0
24/04/2020,8.33,12.2,0.41
25/04/2020,11.78,5.4,0.2
26/04/2020,8.67,16.2,0
27/04/2020,7.22,14.1,0.07
28/04/2020,11.28,9.4,0
29/04/2020,10,12.1,0
30/04/2020,12.89,17.8,0.23
01/05/2020,14.5,8.5,0.73
02/05/2020,17.56,11.8,0.14
03/05/2020,20.39,9.8,0.03
04/05/2020,16.94,14.9,0
05/05/2020,12.61,11.1,0
06/05/2020,9.67,10,0
07/05/2020,14.33,10,0.03
08/05/2020,9.33,9.1,0
09/05/2020,5.22,22.2,0.41
10/05/2020,12.06,15.5,0
11/05/2020,12.06,13.6,0
12/05/2020,11.11,17.1,0.1
13/05/2020,11.22,10.8,0
14/05/2020,14.78,8.7,0
15/05/2020,23,11.2,0.01
16/05/2020,20.83,10.9,0.03
17/05/2020,15.28,9.9,0
18/05/2020,15.17,10.1,0
19/05/2020,15.67,16.7,0
20/05/2020,13.61,12.7,0
21/05/2020,13.11,7.3,0
22/05/2020,18.72,6.9,0
23/05/2020,16.72,8.6,0.01
24/05/2020,15.28,12.1,0.33
25/05/2020,15.5,9.6,0.01
26/05/2020,17.39,6.4,0
27/05/2020,18.61,7.2,0
28/05/2020,20,10.2,0
29/05/2020,21.89,9.9,0
30/05/2020,23.17,11.1,0.01
31/05/2020,18.06,15.8,0
01/06/2020,17.11,10.4,0
02/06/2020,20.83,8.3,0
03/06/2020,22.44,9.2,0.07
04/06/2020,25.17,6.9,0.12
05/06/2020,23.44,8.6,0.31
06/06/2020,25.67,8.2,0.11
07/06/2020,21.89,11.4,0.1
08/06/2020,22.22,7.2,0
09/06/2020,27.33,8.4,0
10/06/2020,24.17,12.4,0
11/06/2020,23.33,11.1,0
12/06/2020,25.94,8.3,0.05
13/06/2020,20.39,10.7,0
14/06/2020,18.33,8.9,0
15/06/2020,19.94,8.7,0
16/06/2020,21.44,8.3,0
17/06/2020,20.94,9.8,0
18/06/2020,21,7.5,0
19/06/2020,23.11,7.3,0
20/06/2020,26,7.1,0
21/06/2020,26.44,7,0
22/06/2020,28.11,7.9,0
23/06/2020,27.11,11,0
24/06/2020,27.72,11.2,0
25/06/2020,26.78,8.9,0
26/06/2020,27.28,9.1,0
27/06/2020,26.44,6.2,0
28/06/2020,27.67,6.1,0.25
29/06/2020,25.83,9.2,0.02
30/06/2020,23.28,7.2,0.07
01/07/2020,24.33,7.1,0
02/07/2020,27.78,5.7,0
03/07/2020,26.56,8.8,0
04/07/2020,23.94,9.1,0.36
05/07/2020,28.06,7.8,0
06/07/2020,27.94,8.8,0
07/07/2020,24.44,10.1,0.05
08/07/2020,27.56,8.8,0
09/07/2020,28.44,8.2,0.01
10/07/2020,24.33,16.3,0
11/07/2020,26.94,12.1,2.47
12/07/2020,28.5,11.5,0.04
13/07/2020,28.28,8.8,0.05
14/07/2020,26.83,10.2,0
15/07/2020,24.17,9.9,0
16/07/2020,23.56,10.3,0
17/07/2020,25.33,8.7,0.02
18/07/2020,28.17,6.1,0.02
19/07/2020,30.94,10.4,0
20/07/2020,31.89,9,0
21/07/2020,30,7.9,0
22/07/2020,28,9.2,0.05
23/07/2020,28.11,9.9,0.79
24/07/2020,25.39,7.4,0.05
25/07/2020,28.33,6,0.26
26/07/2020,31.17,9.7,0
27/07/2020,32.33,11.1,0
28/07/2020,31.39,10.9,0
29/07/2020,29.17,8.3,0
30/07/2020,30.44,7.1,0
31/07/2020,24.89,6.2,0.57
01/08/2020,27.44,7.7,0
02/08/2020,28.72,14,0
03/08/2020,28.61,13,0
04/08/2020,25.61,16.4,0.53
05/08/2020,28.22,8.7,0.27
06/08/2020,25.39,6.3,0
07/08/2020,23.83,8.3,0.22
08/08/2020,24.78,5.8,0.22
09/08/2020,27.22,8.5,0
10/08/2020,29.67,8.6,0
11/08/2020,28.72,9.7,0
12/08/2020,28.11,7,0
13/08/2020,25.44,6.1,1.49
14/08/2020,26.61,8.6,0.11
15/08/2020,25.28,11.7,0
16/08/2020,21.44,14.7,0.03
17/08/2020,22.67,8.3,0.1
18/08/2020,24.61,7.5,0.97
19/08/2020,22.5,5.9,0.01
20/08/2020,23.56,6.9,0.13
21/08/2020,26.17,10.7,0
22/08/2020,28.61,8.4,0
23/08/2020,27.5,7.1,0
24/08/2020,29.44,8.1,0
25/08/2020,28.22,11.1,0
26/08/2020,23.83,13.4,0.36
27/08/2020,27.11,9.9,0.05
28/08/2020,26.67,9.5,0.38
29/08/2020,25.56,9.9,0.02
30/08/2020,24.06,14.8,0.01
31/08/2020,22.28,7.5,0
01/09/2020,22.5,8.7,0.18
02/09/2020,23.78,8,0
03/09/2020,25.89,6.6,0.04
04/09/2020,26.28,9,1.16
05/09/2020,23.67,8,0
06/09/2020,24.61,8.7,0
07/09/2020,23.94,8.7,0
08/09/2020,24.44,6.9,0
09/09/2020,24.28,6.4,0
10/09/2020,25.17,6.4,0.53
11/09/2020,23.44,9.1,0.96
12/09/2020,19.61,11.1,0
13/09/2020,21.78,9.5,0
14/09/2020,22.67,13.4,0
15/09/2020,16.33,9.5,0
16/09/2020,19.44,8.3,0
17/09/2020,22.11,6.7,0
18/09/2020,19.17,13.5,0
19/09/2020,14.61,12,0
20/09/2020,14.83,12.5,0
21/09/2020,15.28,8.7,0
22/09/2020,17.61,11.6,0
23/09/2020,21.94,10.8,0
24/09/2020,22.28,5.8,0
25/09/2020,21.39,5.1,0
26/09/2020,21.94,7.4,0
27/09/2020,23,7.1,0
28/09/2020,22.72,11.6,0.04
29/09/2020,22.28,11.3,0
30/09/2020,19.83,15.4,1.19
01/10/2020,19.89,9.4,0
02/10/2020,16.89,9.2,0.02
03/10/2020,16.39,7.5,0.01
04/10/2020,15.94,8.3,0
05/10/2020,16.94,7.1,0
06/10/2020,18.22,7.6,0
07/10/2020,19.78,14.5,0
08/10/2020,15.72,14.9,0.02
09/10/2020,17,6.7,0
10/10/2020,19.39,12.1,0
11/10/2020,18.67,10.7,0
12/10/2020,12.67,18.9,0.19
13/10/2020,14.33,14.9,0.9
14/10/2020,16.78,9.1,0.13
15/10/2020,18.44,11.8,0
16/10/2020,14.67,10,0
17/10/2020,12.5,7.9,1.46
18/10/2020,13.94,6.3,0
19/10/2020,15.83,5.8,0
20/10/2020,17.94,5,0.01
21/10/2020,18.5,5.8,0
22/10/2020,19.39,3.3,0
23/10/2020,18.72,6.4,0
24/10/2020,17.72,9.9,0
25/10/2020,10.44,10.9,0
26/10/2020,13.56,7.8,0.02
27/10/2020,14,7.6,0.03
28/10/2020,13.06,6.2,0.05
29/10/2020,10.83,15.3,0.11
30/10/2020,5.28,14.5,1.99
31/10/2020,5.5,6,0.22
01/11/2020,11.17,14.4,0
02/11/2020,6.28,21.5,0.43
03/11/2020,9.28,15.8,0
04/11/2020,11.83,8.4,0
05/11/2020,15.28,7.8,0
06/11/2020,17.39,7,0
07/11/2020,19.22,3.8,0
08/11/2020,20.22,5.4,0
09/11/2020,19.17,8.5,0
10/11/2020,19,6.8,0
11/11/2020,14.83,9.7,0.77
12/11/2020,9.89,9.5,0.18
13/11/2020,9.89,12.5,0.12
14/11/2020,12.44,18.4,0
15/11/2020,11.22,15.1,0.13
16/11/2020,7.89,14.9,0
17/11/2020,2.06,17.8,0
18/11/2020,5.56,10,0
19/11/2020,12.72,10.3,0
20/11/2020,14.44,9.1,0
21/11/2020,10.67,13.6,0
22/11/2020,12.33,17,0.5
23/11/2020,8.17,11.2,0.18
24/11/2020,10.83,7.5,0
25/11/2020,15.78,7.9,0.67
26/11/2020,14.28,6.3,0.21
27/11/2020,11.11,8.5,0
28/11/2020,9.89,6,0
29/11/2020,15.33,17.1,0
30/11/2020,10.61,13.5,1.23
01/12/2020,5.44,16.4,0
02/12/2020,7.44,10.1,0
03/12/2020,9.5,8.9,0
04/12/2020,7.28,16.7,0.76
05/12/2020,4.06,20.5,0.38
06/12/2020,2.94,10.2,0
07/12/2020,1.44,15.1,0
08/12/2020,2.67,12.4,0
09/12/2020,7.28,10.5,0.02
10/12/2020,9,7.1,0
11/12/2020,10.39,6.3,0
12/12/2020,12.72,10.8,0
13/12/2020,5.22,10.2,0
14/12/2020,2.72,14.5,0.23
15/12/2020,-0.67,23.6,0
16/12/2020,-1.06,19.3,0.65
17/12/2020,-1.22,10.7,0.04
18/12/2020,-1.22,4.6,0
19/12/2020,2.5,4.7,0
20/12/2020,5.56,5.3,0.01
21/12/2020,6.33,13.4,0
22/12/2020,5.5,8.9,0
23/12/2020,12.94,18,0
24/12/2020,10.61,21.2,0.69
25/12/2020,-1.22,16,0.22
26/12/2020,0.72,6.4,0
27/12/2020,7.56,7.6,0
28/12/2020,3.67,16,0
29/12/2020,3.22,10.3,0
30/12/2020,7.33,10.9,0.1
